time,x,y,z,phi,theta,psi,x_velocity,y_velocity,z_velocity,phi_velocity,theta_velocity,psi_velocity
0.06,0.0,0.0,1.07000706335,0.0,0.0,0.0,0.0,0.0,2.33192552975,0.0,0.0,0.0
0.12000000000000001,0.0,0.0,1.27913913342,0.0,0.0,0.0,0.0,0.0,4.63285902112,0.0,0.0,0.0
0.18,0.0,0.0,1.62482168699,0.0,0.0,0.0,0.0,0.0,6.87926079556,0.0,0.0,0.0
0.23999999999999996,0.0,0.0,2.10289039793,0.0,0.0,0.0,0.0,0.0,9.04190223479,0.0,0.0,0.0
0.3,0.0,0.0,2.70749833851,0.0,0.0,0.0,0.0,0.0,11.0941156729,0.0,0.0,0.0
0.36000000000000004,0.0,0.0,3.43149502882,0.0,0.0,0.0,0.0,0.0,13.0191816559,0.0,0.0,0.0
0.4200000000000001,0.0,0.0,4.26685154577,0.0,0.0,0.0,0.0,0.0,14.8045673879,0.0,0.0,0.0
0.48000000000000015,0.0,0.0,5.20491458045,0.0,0.0,0.0,0.0,0.0,16.4419703362,0.0,0.0,0.0
0.5400000000000001,0.0,0.0,6.23676610959,0.0,0.0,0.0,0.0,0.0,17.9307483923,0.0,0.0,0.0
0.6000000000000002,0.0,0.0,7.35342141311,0.0,0.0,0.0,0.0,0.0,19.2692847733,0.0,0.0,0.0
0.6600000000000003,0.0,0.0,8.54599789782,0.0,0.0,0.0,0.0,0.0,20.4624357397,0.0,0.0,0.0
0.7200000000000003,0.0,0.0,9.80603920982,0.0,0.0,0.0,0.0,0.0,21.519393821,0.0,0.0,0.0
0.7800000000000004,0.0,0.0,11.1256736616,0.0,0.0,0.0,0.0,0.0,22.4503486668,0.0,0.0,0.0
0.8400000000000004,0.0,0.0,12.4976474745,0.0,0.0,0.0,0.0,0.0,23.2656250771,0.0,0.0,0.0
0.9000000000000005,0.0,0.0,13.9153241242,0.0,0.0,0.0,0.0,0.0,23.975407015,0.0,0.0,0.0
0.9600000000000005,0.0,0.0,15.3727201976,0.0,0.0,0.0,0.0,0.0,24.5911933314,0.0,0.0,0.0
1.0200000000000005,0.0,0.0,16.8644349237,0.0,0.0,0.0,0.0,0.0,25.1209330766,0.0,0.0,0.0
1.0800000000000005,0.0,0.0,18.3857146131,0.0,0.0,0.0,0.0,0.0,25.578084398,0.0,0.0,0.0
1.1400000000000006,0.0,0.0,19.932361193,0.0,0.0,0.0,0.0,0.0,25.9678604078,0.0,0.0,0.0
1.2000000000000006,0.0,0.0,21.500660718,0.0,0.0,0.0,0.0,0.0,26.3010348472,0.0,0.0,0.0
1.2600000000000007,0.0,0.0,23.0873790442,0.0,0.0,0.0,0.0,0.0,26.5829326946,0.0,0.0,0.0
1.3200000000000007,0.0,0.0,24.689795902,0.0,0.0,0.0,0.0,0.0,26.8251938425,0.0,0.0,0.0
1.3800000000000008,0.0,0.0,26.305645693,0.0,0.0,0.0,0.0,0.0,27.0315096375,0.0,0.0,0.0
1.4400000000000008,0.0,0.0,27.9329617195,0.0,0.0,0.0,0.0,0.0,27.2080844268,0.0,0.0,0.0
1.5000000000000009,0.0,0.0,29.5700540722,0.0,0.0,0.0,0.0,0.0,27.358009164,0.0,0.0,0.0
1.560000000000001,0.0,0.0,31.2154594161,0.0,0.0,0.0,0.0,0.0,27.4857087886,0.0,0.0,0.0
1.620000000000001,0.0,0.0,32.8679366743,0.0,0.0,0.0,0.0,0.0,27.5941979801,0.0,0.0,0.0
1.680000000000001,0.0,0.0,34.5263957574,0.0,0.0,0.0,0.0,0.0,27.6855167052,0.0,0.0,0.0
1.740000000000001,0.0,0.0,36.1899299208,0.0,0.0,0.0,0.0,0.0,27.7636857759,0.0,0.0,0.0
1.8000000000000012,0.0,0.0,37.8577484613,0.0,0.0,0.0,0.0,0.0,27.828651933,0.0,0.0,0.0
1.8600000000000012,0.0,0.0,39.5290684664,0.0,0.0,0.0,0.0,0.0,27.8807187708,0.0,0.0,0.0
1.9200000000000013,0.0,0.0,41.2032397524,0.0,0.0,0.0,0.0,0.0,27.9239135435,0.0,0.0,0.0
1.9800000000000013,0.0,0.0,42.8798129648,0.0,0.0,0.0,0.0,0.0,27.9609355297,0.0,0.0,0.0
2.0400000000000014,0.0,0.0,44.5584248414,0.0,0.0,0.0,0.0,0.0,27.9920164056,0.0,0.0,0.0
2.1000000000000014,0.0,0.0,46.2387844995,0.0,0.0,0.0,0.0,0.0,28.0192893975,0.0,0.0,0.0
2.1600000000000015,0.0,0.0,47.9206615694,0.0,0.0,0.0,0.0,0.0,28.0426931126,0.0,0.0,0.0
2.2200000000000015,0.0,0.0,49.6038130103,0.0,0.0,0.0,0.0,0.0,28.0618738678,0.0,0.0,0.0
2.2800000000000016,0.0,0.0,51.2880166287,0.0,0.0,0.0,0.0,0.0,28.0778459072,0.0,0.0,0.0
2.3400000000000016,0.0,0.0,52.9730994182,0.0,0.0,0.0,0.0,0.0,28.0912439826,0.0,0.0,0.0
2.4000000000000017,0.0,0.0,54.65890914,0.0,0.0,0.0,0.0,0.0,28.1021396934,0.0,0.0,0.0
2.4600000000000017,0.0,0.0,56.3453331998,0.0,0.0,0.0,0.0,0.0,28.1117540118,0.0,0.0,0.0
2.520000000000002,0.0,0.0,58.0322542709,0.0,0.0,0.0,0.0,0.0,28.1187719326,0.0,0.0,0.0
2.580000000000002,0.0,0.0,59.7195896043,0.0,0.0,0.0,0.0,0.0,28.1255682826,0.0,0.0,0.0
2.640000000000002,0.0,0.0,61.4073421587,0.0,0.0,0.0,0.0,0.0,28.1326715385,0.0,0.0,0.0
2.700000000000002,0.0,0.0,63.0955039983,0.0,0.0,0.0,0.0,0.0,28.1392249093,0.0,0.0,0.0
2.760000000000002,0.0,0.0,64.7840075523,0.0,0.0,0.0,0.0,0.0,28.1441041102,0.0,0.0,0.0
2.820000000000002,0.0,0.0,66.4728182168,0.0,0.0,0.0,0.0,0.0,28.1494501565,0.0,0.0,0.0
2.880000000000002,0.0,0.0,68.1619796108,0.0,0.0,0.0,0.0,0.0,28.1557705354,0.0,0.0,0.0
2.940000000000002,0.0,0.0,69.8514725111,0.0,0.0,0.0,0.0,0.0,28.1605394006,0.0,0.0,0.0
3.000000000000002,0.0,0.0,71.5412322749,0.0,0.0,0.0,0.0,0.0,28.1646817391,0.0,0.0,0.0
3.0600000000000023,0.0,0.0,73.2312325103,0.0,0.0,0.0,0.0,0.0,28.1685617178,0.0,0.0,0.0
3.1200000000000023,0.0,0.0,74.9214541463,0.0,0.0,0.0,0.0,0.0,28.1720710791,0.0,0.0,0.0
3.1800000000000024,0.0,0.0,76.6118710474,0.0,0.0,0.0,0.0,0.0,28.1750830774,0.0,0.0,0.0
3.2400000000000024,0.0,0.0,78.3024056836,0.0,0.0,0.0,0.0,0.0,28.1760471709,0.0,0.0,0.0
3.3000000000000025,0.0,0.0,79.9930439627,0.0,0.0,0.0,0.0,0.0,28.1785003216,0.0,0.0,0.0
3.3600000000000025,0.0,0.0,81.6838057196,0.0,0.0,0.0,0.0,0.0,28.1801825194,0.0,0.0,0.0
3.4200000000000026,0.0,0.0,83.3746108841,0.0,0.0,0.0,0.0,0.0,28.1799943717,0.0,0.0,0.0
3.4800000000000026,0.0,0.0,85.0653763963,0.0,0.0,0.0,0.0,0.0,28.1788840153,0.0,0.0,0.0
3.5400000000000027,0.0,0.0,86.756046252,0.0,0.0,0.0,0.0,0.0,28.1768296073,0.0,0.0,0.0
3.6000000000000028,0.0,0.0,88.4465407912,0.0,0.0,0.0,0.0,0.0,28.1730827698,0.0,0.0,0.0
3.660000000000003,0.0,0.0,90.1368323934,0.0,0.0,0.0,0.0,0.0,28.170047113,0.0,0.0,0.0
3.720000000000003,0.0,0.0,91.8269845275,0.0,0.0,0.0,0.0,0.0,28.1683988741,0.0,0.0,0.0
3.780000000000003,0.0,0.0,93.5170476443,0.0,0.0,0.0,0.0,0.0,28.1670717827,0.0,0.0,0.0
3.840000000000003,0.0,0.0,95.2070454744,0.0,0.0,0.0,0.0,0.0,28.1662109025,0.0,0.0,0.0
3.900000000000003,0.0,0.0,96.8970146113,0.0,0.0,0.0,0.0,0.0,28.1660965403,0.0,0.0,0.0
3.960000000000003,0.0,0.0,98.5869752894,0.0,0.0,0.0,0.0,0.0,28.1659302534,0.0,0.0,0.0
4.020000000000002,0.0,0.0,100.276901883,0.0,0.0,0.0,0.0,0.0,28.164980142,0.0,0.0,0.0
4.080000000000001,0.0,0.0,101.966794683,0.0,0.0,0.0,0.0,0.0,28.1647847506,0.0,0.0,0.0
4.14,0.0,0.0,103.656631983,0.0,0.0,0.0,0.0,0.0,28.1631660323,0.0,0.0,0.0
4.199999999999998,0.0,0.0,105.346386613,0.0,0.0,0.0,0.0,0.0,28.1620172274,0.0,0.0,0.0
4.259999999999997,0.0,0.0,107.036116133,0.0,0.0,0.0,0.0,0.0,28.162293147,0.0,0.0,0.0
4.319999999999996,0.0,0.0,108.725907039,0.0,0.0,0.0,0.0,0.0,28.1640267481,0.0,0.0,0.0
4.379999999999995,0.0,0.0,110.415804547,0.0,0.0,0.0,0.0,0.0,28.1658444055,0.0,0.0,0.0
4.439999999999993,0.0,0.0,112.105785307,0.0,0.0,0.0,0.0,0.0,28.1668229539,0.0,0.0,0.0
4.499999999999992,0.0,0.0,113.795721501,0.0,0.0,0.0,0.0,0.0,28.1644434267,0.0,0.0,0.0
4.559999999999991,0.0,0.0,115.485579422,0.0,0.0,0.0,0.0,0.0,28.1641610456,0.0,0.0,0.0
4.6199999999999894,0.0,0.0,117.175414054,0.0,0.0,0.0,0.0,0.0,28.163672343,0.0,0.0,0.0
4.679999999999988,0.0,0.0,118.865200113,0.0,0.0,0.0,0.0,0.0,28.1625576817,0.0,0.0,0.0
4.739999999999987,0.0,0.0,120.554940279,0.0,0.0,0.0,0.0,0.0,28.1621254111,0.0,0.0,0.0
4.799999999999986,0.0,0.0,122.244626083,0.0,0.0,0.0,0.0,0.0,28.1607688956,0.0,0.0,0.0
4.859999999999984,0.0,0.0,123.934231954,0.0,0.0,0.0,0.0,0.0,28.1594597531,0.0,0.0,0.0
4.919999999999983,0.0,0.0,125.62374768,0.0,0.0,0.0,0.0,0.0,28.1577735787,0.0,0.0,0.0
4.979999999999982,0.0,0.0,127.313113989,0.0,0.0,0.0,0.0,0.0,28.1545186809,0.0,0.0,0.0
5.0399999999999805,0.0,0.0,129.002342256,0.0,0.0,0.0,0.0,0.0,28.1531252925,0.0,0.0,0.0
